239 000 417
239 000 104
239 000 224
239 000 093
239 000 226
239 000 511
239 000 907
239 000 614
239 000 822
239 000 416
239 000 791
239 000 069
239 000 531
239 000 675
239 000 413
239 000 988
239 000 960
239 000 867
239 000 688
239 000 639
239 000 695
239 000 965
239 000 765
239 000 636
239 000 525
239 000 542
239 000 517
239 000 632
239 000 799
239 000 548
239 000 746
239 000 349
239 000 333
239 000 153
239 000 086
239 000 050
239 000 519
239 000 037
239 000 295
239 000 725
239 000 726
239 000 064
239 000 275
239 000 644
239 000 287
239 000 149
239 000 353
239 000 933
239 000 045
239 000 481
239 000 472
239 000 573
239 000 890
239 000 657
239 000 686
239 000 299
239 000 737
239 000 710
239 000 248
361 000 417
361 000 104
361 000 224
361 000 093
361 000 226
361 000 511
361 000 907
361 000 614
361 000 822
361 000 416
361 000 791
361 000 069
361 000 531
361 000 675
361 000 413
361 000 988
361 000 960
361 000 867
361 000 688
361 000 639
361 000 695
361 000 965
361 000 765
361 000 636
361 000 525
361 000 542
361 000 517
361 000 632
361 000 799
361 000 548
361 000 746
361 000 349
361 000 333
361 000 153
361 000 086
361 000 050
361 000 519
361 000 037
361 000 295
361 000 725
361 000 726
361 000 064
361 000 275
361 000 644
361 000 287
361 000 149
361 000 353
361 000 933
361 000 045
361 000 481
361 000 472
361 000 573
361 000 890
361 000 657
361 000 686
361 000 299
361 000 737
361 000 710
361 000 248
831 000 417
831 000 104
831 000 224
831 000 093
831 000 226
831 000 511
831 000 907
831 000 614
831 000 822
831 000 416
831 000 791
831 000 069
831 000 531
831 000 675
831 000 413
831 000 988
831 000 960
831 000 867
831 000 688
831 000 639
831 000 695
831 000 965
831 000 765
831 000 636
831 000 525
831 000 542
831 000 517
831 000 632
831 000 799
831 000 548
831 000 746
831 000 349
831 000 333
831 000 153
831 000 086
831 000 050
831 000 519
831 000 037
831 000 295
831 000 725
831 000 726
831 000 064
831 000 275
831 000 644
831 000 287
831 000 149
831 000 353
831 000 933
831 000 045
831 000 481
831 000 472
831 000 573
831 000 890
831 000 657
831 000 686
831 000 299
831 000 737
831 000 710
831 000 248
993 000 417
993 000 104
993 000 224
993 000 093
993 000 226
993 000 511
993 000 907
993 000 614
993 000 822
993 000 416
993 000 791
993 000 069
993 000 531
993 000 675
993 000 413
993 000 988
993 000 960
993 000 867
993 000 688
993 000 639
993 000 695
993 000 965
993 000 765
993 000 636
993 000 525
993 000 542
993 000 517
993 000 632
993 000 799
993 000 548
993 000 746
993 000 349
993 000 333
993 000 153
993 000 086
993 000 050
993 000 519
993 000 037
993 000 295
993 000 725
993 000 726
993 000 064
993 000 275
993 000 644
993 000 287
993 000 149
993 000 353
993 000 933
993 000 045
993 000 481
993 000 472
993 000 573
993 000 890
993 000 657
993 000 686
993 000 299
993 000 737
993 000 710
993 000 248
149 000 417
149 000 104
149 000 224
149 000 093
149 000 226
149 000 511
149 000 907
149 000 614
149 000 822
149 000 416
149 000 791
149 000 069
149 000 531
149 000 675
149 000 413
149 000 988
149 000 960
149 000 867
149 000 688
149 000 639
149 000 695
149 000 965
149 000 765
149 000 636
149 000 525
149 000 542
149 000 517
149 000 632
149 000 799
149 000 548
149 000 746
149 000 349
149 000 333
149 000 153
149 000 086
149 000 050
149 000 519
149 000 037
149 000 295
149 000 725
149 000 726
149 000 064
149 000 275
149 000 644
149 000 287
149 000 149
149 000 353
149 000 933
149 000 045
149 000 481
149 000 472
149 000 573
149 000 890
149 000 657
149 000 686
149 000 299
149 000 737
149 000 710
149 000 248
545 000 417
545 000 104
545 000 224
545 000 093
545 000 226
545 000 511
545 000 907
545 000 614
545 000 822
545 000 416
545 000 791
545 000 069
545 000 531
545 000 675
545 000 413
545 000 988
545 000 960
545 000 867
545 000 688
545 000 639
545 000 695
545 000 965
545 000 765
545 000 636
545 000 525
545 000 542
545 000 517
545 000 632
545 000 799
545 000 548
545 000 746
545 000 349
545 000 333
545 000 153
545 000 086
545 000 050
545 000 519
545 000 037
545 000 295
545 000 725
545 000 726
545 000 064
545 000 275
545 000 644
545 000 287
545 000 149
545 000 353
545 000 933
545 000 045
545 000 481
545 000 472
545 000 573
545 000 890
545 000 657
545 000 686
545 000 299
545 000 737
545 000 710
545 000 248
415 000 417
415 000 104
415 000 224
415 000 093
415 000 226
415 000 511
415 000 907
415 000 614
415 000 822
415 000 416
415 000 791
415 000 069
415 000 531
415 000 675
415 000 413
415 000 988
415 000 960
415 000 867
415 000 688
415 000 639
415 000 695
415 000 965
415 000 765
415 000 636
415 000 525
415 000 542
415 000 517
415 000 632
415 000 799
415 000 548
415 000 746
415 000 349
415 000 333
415 000 153
415 000 086
415 000 050
415 000 519
415 000 037
415 000 295
415 000 725
415 000 726
415 000 064
415 000 275
415 000 644
415 000 287
415 000 149
415 000 353
415 000 933
415 000 045
415 000 481
415 000 472
415 000 573
415 000 890
415 000 657
415 000 686
415 000 299
415 000 737
415 000 710
415 000 248
702 000 417
702 000 104
702 000 224
702 000 093
702 000 226
702 000 511
702 000 907
702 000 614
702 000 822
702 000 416
702 000 791
702 000 069
702 000 531
702 000 675
702 000 413
702 000 988
702 000 960
702 000 867
702 000 688
702 000 639
702 000 695
702 000 965
702 000 765
702 000 636
702 000 525
702 000 542
702 000 517
702 000 632
702 000 799
702 000 548
702 000 746
702 000 349
702 000 333
702 000 153
702 000 086
702 000 050
702 000 519
702 000 037
702 000 295
702 000 725
702 000 726
702 000 064
702 000 275
702 000 644
702 000 287
702 000 149
702 000 353
702 000 933
702 000 045
702 000 481
702 000 472
702 000 573
702 000 890
702 000 657
702 000 686
702 000 299
702 000 737
702 000 710
702 000 248
486 000 417
486 000 104
486 000 224
486 000 093
486 000 226
486 000 511
486 000 907
486 000 614
486 000 822
486 000 416
486 000 791
486 000 069
486 000 531
486 000 675
486 000 413
486 000 988
486 000 960
486 000 867
486 000 688
486 000 639
486 000 695
486 000 965
486 000 765
486 000 636
486 000 525
486 000 542
486 000 517
486 000 632
486 000 799
486 000 548
486 000 746
486 000 349
486 000 333
486 000 153
486 000 086
486 000 050
486 000 519
486 000 037
486 000 295
486 000 725
486 000 726
486 000 064
486 000 275
486 000 644
486 000 287
486 000 149
486 000 353
486 000 933
486 000 045
486 000 481
486 000 472
486 000 573
486 000 890
486 000 657
486 000 686
486 000 299
486 000 737
486 000 710
486 000 248
588 000 417
588 000 104
588 000 224
588 000 093
588 000 226
588 000 511
588 000 907
588 000 614
588 000 822
588 000 416
588 000 791
588 000 069
588 000 531
588 000 675
588 000 413
588 000 988
588 000 960
588 000 867
588 000 688
588 000 639
588 000 695
588 000 965
588 000 765
588 000 636
588 000 525
588 000 542
588 000 517
588 000 632
588 000 799
588 000 548
588 000 746
588 000 349
588 000 333
588 000 153
588 000 086
588 000 050
588 000 519
588 000 037
588 000 295
588 000 725
588 000 726
588 000 064
588 000 275
588 000 644
588 000 287
588 000 149
588 000 353
588 000 933
588 000 045
588 000 481
588 000 472
588 000 573
588 000 890
588 000 657
588 000 686
588 000 299
588 000 737
588 000 710
588 000 248
076 000 417
076 000 104
076 000 224
076 000 093
076 000 226
076 000 511
076 000 907
076 000 614
076 000 822
076 000 416
076 000 791
076 000 069
076 000 531
076 000 675
076 000 413
076 000 988
076 000 960
076 000 867
076 000 688
076 000 639
076 000 695
076 000 965
076 000 765
076 000 636
076 000 525
076 000 542
076 000 517
076 000 632
076 000 799
076 000 548
076 000 746
076 000 349
076 000 333
076 000 153
076 000 086
076 000 050
076 000 519
076 000 037
076 000 295
076 000 725
076 000 726
076 000 064
076 000 275
076 000 644
076 000 287
076 000 149
076 000 353
076 000 933
076 000 045
076 000 481
076 000 472
076 000 573
076 000 890
076 000 657
076 000 686
076 000 299
076 000 737
076 000 710
076 000 248
698 000 417
698 000 104
698 000 224
698 000 093
698 000 226
698 000 511
698 000 907
698 000 614
698 000 822
698 000 416
698 000 791
698 000 069
698 000 531
698 000 675
698 000 413
698 000 988
698 000 960
698 000 867
698 000 688
698 000 639
698 000 695
698 000 965
698 000 765
698 000 636
698 000 525
698 000 542
698 000 517
698 000 632
698 000 799
698 000 548
698 000 746
698 000 349
698 000 333
698 000 153
698 000 086
698 000 050
698 000 519
698 000 037
698 000 295
698 000 725
698 000 726
698 000 064
698 000 275
698 000 644
698 000 287
698 000 149
698 000 353
698 000 933
698 000 045
698 000 481
698 000 472
698 000 573
698 000 890
698 000 657
698 000 686
698 000 299
698 000 737
698 000 710
698 000 248
422 000 417
422 000 104
422 000 224
422 000 093
422 000 226
422 000 511
422 000 907
422 000 614
422 000 822
422 000 416
422 000 791
422 000 069
422 000 531
422 000 675
422 000 413
422 000 988
422 000 960
422 000 867
422 000 688
422 000 639
422 000 695
422 000 965
422 000 765
422 000 636
422 000 525
422 000 542
422 000 517
422 000 632
422 000 799
422 000 548
422 000 746
422 000 349
422 000 333
422 000 153
422 000 086
422 000 050
422 000 519
422 000 037
422 000 295
422 000 725
422 000 726
422 000 064
422 000 275
422 000 644
422 000 287
422 000 149
422 000 353
422 000 933
422 000 045
422 000 481
422 000 472
422 000 573
422 000 890
422 000 657
422 000 686
422 000 299
422 000 737
422 000 710
422 000 248
461 000 417
461 000 104
461 000 224
461 000 093
461 000 226
461 000 511
461 000 907
461 000 614
461 000 822
461 000 416
461 000 791
461 000 069
461 000 531
461 000 675
461 000 413
461 000 988
461 000 960
461 000 867
461 000 688
461 000 639
461 000 695
461 000 965
461 000 765
461 000 636
461 000 525
461 000 542
461 000 517
461 000 632
461 000 799
461 000 548
461 000 746
461 000 349
461 000 333
461 000 153
461 000 086
461 000 050
461 000 519
461 000 037
461 000 295
461 000 725
461 000 726
461 000 064
461 000 275
461 000 644
461 000 287
461 000 149
461 000 353
461 000 933
461 000 045
461 000 481
461 000 472
461 000 573
461 000 890
461 000 657
461 000 686
461 000 299
461 000 737
461 000 710
461 000 248
895 000 417
895 000 104
895 000 224
895 000 093
895 000 226
895 000 511
895 000 907
895 000 614
895 000 822
895 000 416
895 000 791
895 000 069
895 000 531
895 000 675
895 000 413
895 000 988
895 000 960
895 000 867
895 000 688
895 000 639
895 000 695
895 000 965
895 000 765
895 000 636
895 000 525
895 000 542
895 000 517
895 000 632
895 000 799
895 000 548
895 000 746
895 000 349
895 000 333
895 000 153
895 000 086
895 000 050
895 000 519
895 000 037
895 000 295
895 000 725
895 000 726
895 000 064
895 000 275
895 000 644
895 000 287
895 000 149
895 000 353
895 000 933
895 000 045
895 000 481
895 000 472
895 000 573
895 000 890
895 000 657
895 000 686
895 000 299
895 000 737
895 000 710
895 000 248
278 000 417
278 000 104
278 000 224
278 000 093
278 000 226
278 000 511
278 000 907
278 000 614
278 000 822
278 000 416
278 000 791
278 000 069
278 000 531
278 000 675
278 000 413
278 000 988
278 000 960
278 000 867
278 000 688
278 000 639
278 000 695
278 000 965
278 000 765
278 000 636
278 000 525
278 000 542
278 000 517
278 000 632
278 000 799
278 000 548
278 000 746
278 000 349
278 000 333
278 000 153
278 000 086
278 000 050
278 000 519
278 000 037
278 000 295
278 000 725
278 000 726
278 000 064
278 000 275
278 000 644
278 000 287
278 000 149
278 000 353
278 000 933
278 000 045
278 000 481
278 000 472
278 000 573
278 000 890
278 000 657
278 000 686
278 000 299
278 000 737
278 000 710
278 000 248
723 000 417
723 000 104
723 000 224
723 000 093
723 000 226
723 000 511
723 000 907
723 000 614
723 000 822
723 000 416
723 000 791
723 000 069
723 000 531
723 000 675
723 000 413
723 000 988
723 000 960
723 000 867
723 000 688
723 000 639
723 000 695
723 000 965
723 000 765
723 000 636
723 000 525
723 000 542
723 000 517
723 000 632
723 000 799
723 000 548
723 000 746
723 000 349
723 000 333
723 000 153
723 000 086
723 000 050
723 000 519
723 000 037
723 000 295
723 000 725
723 000 726
723 000 064
723 000 275
723 000 644
723 000 287
723 000 149
723 000 353
723 000 933
723 000 045
723 000 481
723 000 472
723 000 573
723 000 890
723 000 657
723 000 686
723 000 299
723 000 737
723 000 710
723 000 248
773 000 417
773 000 104
773 000 224
773 000 093
773 000 226
773 000 511
773 000 907
773 000 614
773 000 822
773 000 416
773 000 791
773 000 069
773 000 531
773 000 675
773 000 413
773 000 988
773 000 960
773 000 867
773 000 688
773 000 639
773 000 695
773 000 965
773 000 765
773 000 636
773 000 525
773 000 542
773 000 517
773 000 632
773 000 799
773 000 548
773 000 746
773 000 349
773 000 333
773 000 153
773 000 086
773 000 050
773 000 519
773 000 037
773 000 295
773 000 725
773 000 726
773 000 064
773 000 275
773 000 644
773 000 287
773 000 149
773 000 353
773 000 933
773 000 045
773 000 481
773 000 472
773 000 573
773 000 890
773 000 657
773 000 686
773 000 299
773 000 737
773 000 710
773 000 248
193 000 417
193 000 104
193 000 224
193 000 093
193 000 226
193 000 511
193 000 907
193 000 614
193 000 822
193 000 416
193 000 791
193 000 069
193 000 531
193 000 675
193 000 413
193 000 988
193 000 960
193 000 867
193 000 688
193 000 639
193 000 695
193 000 965
193 000 765
193 000 636
193 000 525
193 000 542
193 000 517
193 000 632
193 000 799
193 000 548
193 000 746
193 000 349
193 000 333
193 000 153
193 000 086
193 000 050
193 000 519
193 000 037
193 000 295
193 000 725
193 000 726
193 000 064
193 000 275
193 000 644
193 000 287
193 000 149
193 000 353
193 000 933
193 000 045
193 000 481
193 000 472
193 000 573
193 000 890
193 000 657
193 000 686
193 000 299
193 000 737
193 000 710
193 000 248
600 000 417
600 000 104
600 000 224
600 000 093
600 000 226
600 000 511
600 000 907
600 000 614
600 000 822
600 000 416
600 000 791
600 000 069
600 000 531
600 000 675
600 000 413
600 000 988
600 000 960
600 000 867
600 000 688
600 000 639
600 000 695
600 000 965
600 000 765
600 000 636
600 000 525
600 000 542
600 000 517
600 000 632
600 000 799
600 000 548
600 000 746
600 000 349
600 000 333
600 000 153
600 000 086
600 000 050
600 000 519
600 000 037
600 000 295
600 000 725
600 000 726
600 000 064
600 000 275
600 000 644
600 000 287
600 000 149
600 000 353
600 000 933
600 000 045
600 000 481
600 000 472
600 000 573
600 000 890
600 000 657
600 000 686
600 000 299
600 000 737
600 000 710
600 000 248
858 000 417
858 000 104
858 000 224
858 000 093
858 000 226
858 000 511
858 000 907
858 000 614
858 000 822
858 000 416
858 000 791
858 000 069
858 000 531
858 000 675
858 000 413
858 000 988
858 000 960
858 000 867
858 000 688
858 000 639
858 000 695
858 000 965
858 000 765
858 000 636
858 000 525
858 000 542
858 000 517
858 000 632
858 000 799
858 000 548
858 000 746
858 000 349
858 000 333
858 000 153
858 000 086
858 000 050
858 000 519
858 000 037
858 000 295
858 000 725
858 000 726
858 000 064
858 000 275
858 000 644
858 000 287
858 000 149
858 000 353
858 000 933
858 000 045
858 000 481
858 000 472
858 000 573
858 000 890
858 000 657
858 000 686
858 000 299
858 000 737
858 000 710
858 000 248
070 000 417
070 000 104
070 000 224
070 000 093
070 000 226
070 000 511
070 000 907
070 000 614
070 000 822
070 000 416
070 000 791
070 000 069
070 000 531
070 000 675
070 000 413
070 000 988
070 000 960
070 000 867
070 000 688
070 000 639
070 000 695
070 000 965
070 000 765
070 000 636
070 000 525
070 000 542
070 000 517
070 000 632
070 000 799
070 000 548
070 000 746
070 000 349
070 000 333
070 000 153
070 000 086
070 000 050
070 000 519
070 000 037
070 000 295
070 000 725
070 000 726
070 000 064
070 000 275
070 000 644
070 000 287
070 000 149
070 000 353
070 000 933
070 000 045
070 000 481
070 000 472
070 000 573
070 000 890
070 000 657
070 000 686
070 000 299
070 000 737
070 000 710
070 000 248
125 000 417
125 000 104
125 000 224
125 000 093
125 000 226
125 000 511
125 000 907
125 000 614
125 000 822
125 000 416
125 000 791
125 000 069
125 000 531
125 000 675
125 000 413
125 000 988
125 000 960
125 000 867
125 000 688
125 000 639
125 000 695
125 000 965
125 000 765
125 000 636
125 000 525
125 000 542
125 000 517
125 000 632
125 000 799
125 000 548
125 000 746
125 000 349
125 000 333
125 000 153
125 000 086
125 000 050
125 000 519
125 000 037
125 000 295
125 000 725
125 000 726
125 000 064
125 000 275
125 000 644
125 000 287
125 000 149
125 000 353
125 000 933
125 000 045
125 000 481
125 000 472
125 000 573
125 000 890
125 000 657
125 000 686
125 000 299
125 000 737
125 000 710
125 000 248
344 000 417
344 000 104
344 000 224
344 000 093
344 000 226
344 000 511
344 000 907
344 000 614
344 000 822
344 000 416
344 000 791
344 000 069
344 000 531
344 000 675
344 000 413
344 000 988
344 000 960
344 000 867
344 000 688
344 000 639
344 000 695
344 000 965
344 000 765
344 000 636
344 000 525
344 000 542
344 000 517
344 000 632
344 000 799
344 000 548
344 000 746
344 000 349
344 000 333
344 000 153
344 000 086
344 000 050
344 000 519
344 000 037
344 000 295
344 000 725
344 000 726
344 000 064
344 000 275
344 000 644
344 000 287
344 000 149
344 000 353
344 000 933
344 000 045
344 000 481
344 000 472
344 000 573
344 000 890
344 000 657
344 000 686
344 000 299
344 000 737
344 000 710
344 000 248
930 000 417
930 000 104
930 000 224
930 000 093
930 000 226
930 000 511
930 000 907
930 000 614
930 000 822
930 000 416
930 000 791
930 000 069
930 000 531
930 000 675
930 000 413
930 000 988
930 000 960
930 000 867
930 000 688
930 000 639
930 000 695
930 000 965
930 000 765
930 000 636
930 000 525
930 000 542
930 000 517
930 000 632
930 000 799
930 000 548
930 000 746
930 000 349
930 000 333
930 000 153
930 000 086
930 000 050
930 000 519
930 000 037
930 000 295
930 000 725
930 000 726
930 000 064
930 000 275
930 000 644
930 000 287
930 000 149
930 000 353
930 000 933
930 000 045
930 000 481
930 000 472
930 000 573
930 000 890
930 000 657
930 000 686
930 000 299
930 000 737
930 000 710
930 000 248
481 000 417
481 000 104
481 000 224
481 000 093
481 000 226
481 000 511
481 000 907
481 000 614
481 000 822
481 000 416
481 000 791
481 000 069
481 000 531
481 000 675
481 000 413
481 000 988
481 000 960
481 000 867
481 000 688
481 000 639
481 000 695
481 000 965
481 000 765
481 000 636
481 000 525
481 000 542
481 000 517
481 000 632
481 000 799
481 000 548
481 000 746
481 000 349
481 000 333
481 000 153
481 000 086
481 000 050
481 000 519
481 000 037
481 000 295
481 000 725
481 000 726
481 000 064
481 000 275
481 000 644
481 000 287
481 000 149
481 000 353
481 000 933
481 000 045
481 000 481
481 000 472
481 000 573
481 000 890
481 000 657
481 000 686
481 000 299
481 000 737
481 000 710
481 000 248
436 000 417
436 000 104
436 000 224
436 000 093
436 000 226
436 000 511
436 000 907
436 000 614
436 000 822
436 000 416
436 000 791
436 000 069
436 000 531
436 000 675
436 000 413
436 000 988
436 000 960
436 000 867
436 000 688
436 000 639
436 000 695
436 000 965
436 000 765
436 000 636
436 000 525
436 000 542
436 000 517
436 000 632
436 000 799
436 000 548
436 000 746
436 000 349
436 000 333
436 000 153
436 000 086
436 000 050
436 000 519
436 000 037
436 000 295
436 000 725
436 000 726
436 000 064
436 000 275
436 000 644
436 000 287
436 000 149
436 000 353
436 000 933
436 000 045
436 000 481
436 000 472
436 000 573
436 000 890
436 000 657
436 000 686
436 000 299
436 000 737
436 000 710
436 000 248
794 000 417
794 000 104
794 000 224
794 000 093
794 000 226
794 000 511
794 000 907
794 000 614
794 000 822
794 000 416
794 000 791
794 000 069
794 000 531
794 000 675
794 000 413
794 000 988
794 000 960
794 000 867
794 000 688
794 000 639
794 000 695
794 000 965
794 000 765
794 000 636
794 000 525
794 000 542
794 000 517
794 000 632
794 000 799
794 000 548
794 000 746
794 000 349
794 000 333
794 000 153
794 000 086
794 000 050
794 000 519
794 000 037
794 000 295
794 000 725
794 000 726
794 000 064
794 000 275
794 000 644
794 000 287
794 000 149
794 000 353
794 000 933
794 000 045
794 000 481
794 000 472
794 000 573
794 000 890
794 000 657
794 000 686
794 000 299
794 000 737
794 000 710
794 000 248
777 000 417
777 000 104
777 000 224
777 000 093
777 000 226
777 000 511
777 000 907
777 000 614
777 000 822
777 000 416
777 000 791
777 000 069
777 000 531
777 000 675
777 000 413
777 000 988
777 000 960
777 000 867
777 000 688
777 000 639
777 000 695
777 000 965
777 000 765
777 000 636
777 000 525
777 000 542
777 000 517
777 000 632
777 000 799
777 000 548
777 000 746
777 000 349
777 000 333
777 000 153
777 000 086
777 000 050
777 000 519
777 000 037
777 000 295
777 000 725
777 000 726
777 000 064
777 000 275
777 000 644
777 000 287
777 000 149
777 000 353
777 000 933
777 000 045
777 000 481
777 000 472
777 000 573
777 000 890
777 000 657
777 000 686
777 000 299
777 000 737
777 000 710
777 000 248
215 000 417
215 000 104
215 000 224
215 000 093
215 000 226
215 000 511
215 000 907
215 000 614
215 000 822
215 000 416
215 000 791
215 000 069
215 000 531
215 000 675
215 000 413
215 000 988
215 000 960
215 000 867
215 000 688
215 000 639
215 000 695
215 000 965
215 000 765
215 000 636
215 000 525
215 000 542
215 000 517
215 000 632
215 000 799
215 000 548
215 000 746
215 000 349
215 000 333
215 000 153
215 000 086
215 000 050
215 000 519
215 000 037
215 000 295
215 000 725
215 000 726
215 000 064
215 000 275
215 000 644
215 000 287
215 000 149
215 000 353
215 000 933
215 000 045
215 000 481
215 000 472
215 000 573
215 000 890
215 000 657
215 000 686
215 000 299
215 000 737
215 000 710
215 000 248
172 000 417
172 000 104
172 000 224
172 000 093
172 000 226
172 000 511
172 000 907
172 000 614
172 000 822
172 000 416
172 000 791
172 000 069
172 000 531
172 000 675
172 000 413
172 000 988
172 000 960
172 000 867
172 000 688
172 000 639
172 000 695
172 000 965
172 000 765
172 000 636
172 000 525
172 000 542
172 000 517
172 000 632
172 000 799
172 000 548
172 000 746
172 000 349
172 000 333
172 000 153
172 000 086
172 000 050
172 000 519
172 000 037
172 000 295
172 000 725
172 000 726
172 000 064
172 000 275
172 000 644
172 000 287
172 000 149
172 000 353
172 000 933
172 000 045
172 000 481
172 000 472
172 000 573
172 000 890
172 000 657
172 000 686
172 000 299
172 000 737
172 000 710
172 000 248
294 000 417
294 000 104
294 000 224
294 000 093
294 000 226
294 000 511
294 000 907
294 000 614
294 000 822
294 000 416
294 000 791
294 000 069
294 000 531
294 000 675
294 000 413
294 000 988
294 000 960
294 000 867
294 000 688
294 000 639
294 000 695
294 000 965
294 000 765
294 000 636
294 000 525
294 000 542
294 000 517
294 000 632
294 000 799
294 000 548
294 000 746
294 000 349
294 000 333
294 000 153
294 000 086
294 000 050
294 000 519
294 000 037
294 000 295
294 000 725
294 000 726
294 000 064
294 000 275
294 000 644
294 000 287
294 000 149
294 000 353
294 000 933
294 000 045
294 000 481
294 000 472
294 000 573
294 000 890
294 000 657
294 000 686
294 000 299
294 000 737
294 000 710
294 000 248
334 000 417
334 000 104
334 000 224
334 000 093
334 000 226
334 000 511
334 000 907
334 000 614
334 000 822
334 000 416
334 000 791
334 000 069
334 000 531
334 000 675
334 000 413
334 000 988
334 000 960
334 000 867
334 000 688
334 000 639
334 000 695
334 000 965
334 000 765
334 000 636
334 000 525
334 000 542
334 000 517
334 000 632
334 000 799
334 000 548
334 000 746
334 000 349
334 000 333
334 000 153
334 000 086
334 000 050
334 000 519
334 000 037
334 000 295
334 000 725
334 000 726
334 000 064
334 000 275
334 000 644
334 000 287
334 000 149
334 000 353
334 000 933
334 000 045
334 000 481
334 000 472
334 000 573
334 000 890
334 000 657
334 000 686
334 000 299
334 000 737
334 000 710
334 000 248
269 000 417
269 000 104
269 000 224
269 000 093
269 000 226
269 000 511
269 000 907
269 000 614
269 000 822
269 000 416
269 000 791
269 000 069
269 000 531
269 000 675
269 000 413
269 000 988
269 000 960
269 000 867
269 000 688
269 000 639
269 000 695
269 000 965
269 000 765
269 000 636
269 000 525
269 000 542
269 000 517
269 000 632
269 000 799
269 000 548
269 000 746
269 000 349
269 000 333
269 000 153
269 000 086
269 000 050
269 000 519
269 000 037
269 000 295
269 000 725
269 000 726
269 000 064
269 000 275
269 000 644
269 000 287
269 000 149
269 000 353
269 000 933
269 000 045
269 000 481
269 000 472
269 000 573
269 000 890
269 000 657
269 000 686
269 000 299
269 000 737
269 000 710
269 000 248
715 000 417
715 000 104
715 000 224
715 000 093
715 000 226
715 000 511
715 000 907
715 000 614
715 000 822
715 000 416
715 000 791
715 000 069
715 000 531
715 000 675
715 000 413
715 000 988
715 000 960
715 000 867
715 000 688
715 000 639
715 000 695
715 000 965
715 000 765
715 000 636
715 000 525
715 000 542
715 000 517
715 000 632
715 000 799
715 000 548
715 000 746
715 000 349
715 000 333
715 000 153
715 000 086
715 000 050
715 000 519
715 000 037
715 000 295
715 000 725
715 000 726
715 000 064
715 000 275
715 000 644
715 000 287
715 000 149
715 000 353
715 000 933
715 000 045
715 000 481
715 000 472
715 000 573
715 000 890
715 000 657
715 000 686
715 000 299
715 000 737
715 000 710
715 000 248
223 000 417
223 000 104
223 000 224
223 000 093
223 000 226
223 000 511
223 000 907
223 000 614
223 000 822
223 000 416
223 000 791
223 000 069
223 000 531
223 000 675
223 000 413
223 000 988
223 000 960
223 000 867
223 000 688
223 000 639
223 000 695
223 000 965
223 000 765
223 000 636
223 000 525
223 000 542
223 000 517
223 000 632
223 000 799
223 000 548
223 000 746
223 000 349
223 000 333
223 000 153
223 000 086
223 000 050
223 000 519
223 000 037
223 000 295
223 000 725
223 000 726
223 000 064
223 000 275
223 000 644
223 000 287
223 000 149
223 000 353
223 000 933
223 000 045
223 000 481
223 000 472
223 000 573
223 000 890
223 000 657
223 000 686
223 000 299
223 000 737
223 000 710
223 000 248
338 000 417
338 000 104
338 000 224
338 000 093
338 000 226
338 000 511
338 000 907
338 000 614
338 000 822
338 000 416
338 000 791
338 000 069
338 000 531
338 000 675
338 000 413
338 000 988
338 000 960
338 000 867
338 000 688
338 000 639
338 000 695
338 000 965
338 000 765
338 000 636
338 000 525
338 000 542
338 000 517
338 000 632
338 000 799
338 000 548
338 000 746
338 000 349
338 000 333
338 000 153
338 000 086
338 000 050
338 000 519
338 000 037
338 000 295
338 000 725
338 000 726
338 000 064
338 000 275
338 000 644
338 000 287
338 000 149
338 000 353
338 000 933
338 000 045
338 000 481
338 000 472
338 000 573
338 000 890
338 000 657
338 000 686
338 000 299
338 000 737
338 000 710
338 000 248
202 000 417
202 000 104
202 000 224
202 000 093
202 000 226
202 000 511
202 000 907
202 000 614
202 000 822
202 000 416
202 000 791
202 000 069
202 000 531
202 000 675
202 000 413
202 000 988
202 000 960
202 000 867
202 000 688
202 000 639
202 000 695
202 000 965
202 000 765
202 000 636
202 000 525
202 000 542
202 000 517
202 000 632
202 000 799
202 000 548
202 000 746
202 000 349
202 000 333
202 000 153
202 000 086
202 000 050
202 000 519
202 000 037
202 000 295
202 000 725
202 000 726
202 000 064
202 000 275
202 000 644
202 000 287
202 000 149
202 000 353
202 000 933
202 000 045
202 000 481
202 000 472
202 000 573
202 000 890
202 000 657
202 000 686
202 000 299
202 000 737
202 000 710
202 000 248
767 000 417
767 000 104
767 000 224
767 000 093
767 000 226
767 000 511
767 000 907
767 000 614
767 000 822
767 000 416
767 000 791
767 000 069
767 000 531
767 000 675
767 000 413
767 000 988
767 000 960
767 000 867
767 000 688
767 000 639
767 000 695
767 000 965
767 000 765
767 000 636
767 000 525
767 000 542
767 000 517
767 000 632
767 000 799
767 000 548
767 000 746
767 000 349
767 000 333
767 000 153
767 000 086
767 000 050
767 000 519
767 000 037
767 000 295
767 000 725
767 000 726
767 000 064
767 000 275
767 000 644
767 000 287
767 000 149
767 000 353
767 000 933
767 000 045
767 000 481
767 000 472
767 000 573
767 000 890
767 000 657
767 000 686
767 000 299
767 000 737
767 000 710
767 000 248
843 000 417
843 000 104
843 000 224
843 000 093
843 000 226
843 000 511
843 000 907
843 000 614
843 000 822
843 000 416
843 000 791
843 000 069
843 000 531
843 000 675
843 000 413
843 000 988
843 000 960
843 000 867
843 000 688
843 000 639
843 000 695
843 000 965
843 000 765
843 000 636
843 000 525
843 000 542
843 000 517
843 000 632
843 000 799
843 000 548
843 000 746
843 000 349
843 000 333
843 000 153
843 000 086
843 000 050
843 000 519
843 000 037
843 000 295
843 000 725
843 000 726
843 000 064
843 000 275
843 000 644
843 000 287
843 000 149
843 000 353
843 000 933
843 000 045
843 000 481
843 000 472
843 000 573
843 000 890
843 000 657
843 000 686
843 000 299
843 000 737
843 000 710
843 000 248
009 000 417
009 000 104
009 000 224
009 000 093
009 000 226
009 000 511
009 000 907
009 000 614
009 000 822
009 000 416
009 000 791
009 000 069
009 000 531
009 000 675
009 000 413
009 000 988
009 000 960
009 000 867
009 000 688
009 000 639
009 000 695
009 000 965
009 000 765
009 000 636
009 000 525
009 000 542
009 000 517
009 000 632
009 000 799
009 000 548
009 000 746
009 000 349
009 000 333
009 000 153
009 000 086
009 000 050
009 000 519
009 000 037
009 000 295
009 000 725
009 000 726
009 000 064
009 000 275
009 000 644
009 000 287
009 000 149
009 000 353
009 000 933
009 000 045
009 000 481
009 000 472
009 000 573
009 000 890
009 000 657
009 000 686
009 000 299
009 000 737
009 000 710
009 000 248
717 000 417
717 000 104
717 000 224
717 000 093
717 000 226
717 000 511
717 000 907
717 000 614
717 000 822
717 000 416
717 000 791
717 000 069
717 000 531
717 000 675
717 000 413
717 000 988
717 000 960
717 000 867
717 000 688
717 000 639
717 000 695
717 000 965
717 000 765
717 000 636
717 000 525
717 000 542
717 000 517
717 000 632
717 000 799
717 000 548
717 000 746
717 000 349
717 000 333
717 000 153
717 000 086
717 000 050
717 000 519
717 000 037
717 000 295
717 000 725
717 000 726
717 000 064
717 000 275
717 000 644
717 000 287
717 000 149
717 000 353
717 000 933
717 000 045
717 000 481
717 000 472
717 000 573
717 000 890
717 000 657
717 000 686
717 000 299
717 000 737
717 000 710
717 000 248
870 000 417
870 000 104
870 000 224
870 000 093
870 000 226
870 000 511
870 000 907
870 000 614
870 000 822
870 000 416
870 000 791
870 000 069
870 000 531
870 000 675
870 000 413
870 000 988
870 000 960
870 000 867
870 000 688
870 000 639
870 000 695
870 000 965
870 000 765
870 000 636
870 000 525
870 000 542
870 000 517
870 000 632
870 000 799
870 000 548
870 000 746
870 000 349
870 000 333
870 000 153
870 000 086
870 000 050
870 000 519
870 000 037
870 000 295
870 000 725
870 000 726
870 000 064
870 000 275
870 000 644
870 000 287
870 000 149
870 000 353
870 000 933
870 000 045
870 000 481
870 000 472
870 000 573
870 000 890
870 000 657
870 000 686
870 000 299
870 000 737
870 000 710
870 000 248
269 000 417
269 000 104
269 000 224
269 000 093
269 000 226
269 000 511
269 000 907
269 000 614
269 000 822
269 000 416
269 000 791
269 000 069
269 000 531
269 000 675
269 000 413
269 000 988
269 000 960
269 000 867
269 000 688
269 000 639
269 000 695
269 000 965
269 000 765
269 000 636
269 000 525
269 000 542
269 000 517
269 000 632
269 000 799
269 000 548
269 000 746
269 000 349
269 000 333
269 000 153
269 000 086
269 000 050
269 000 519
269 000 037
269 000 295
269 000 725
269 000 726
269 000 064
269 000 275
269 000 644
269 000 287
269 000 149
269 000 353
269 000 933
269 000 045
269 000 481
269 000 472
269 000 573
269 000 890
269 000 657
269 000 686
269 000 299
269 000 737
269 000 710
269 000 248
009 000 417
009 000 104
009 000 224
009 000 093
009 000 226
009 000 511
009 000 907
009 000 614
009 000 822
009 000 416
009 000 791
009 000 069
009 000 531
009 000 675
009 000 413
009 000 988
009 000 960
009 000 867
009 000 688
009 000 639
009 000 695
009 000 965
009 000 765
009 000 636
009 000 525
009 000 542
009 000 517
009 000 632
009 000 799
009 000 548
009 000 746
009 000 349
009 000 333
009 000 153
009 000 086
009 000 050
009 000 519
009 000 037
009 000 295
009 000 725
009 000 726
009 000 064
009 000 275
009 000 644
009 000 287
009 000 149
009 000 353
009 000 933
009 000 045
009 000 481
009 000 472
009 000 573
009 000 890
009 000 657
009 000 686
009 000 299
009 000 737
009 000 710
009 000 248
151 000 417
151 000 104
151 000 224
151 000 093
151 000 226
151 000 511
151 000 907
151 000 614
151 000 822
151 000 416
151 000 791
151 000 069
151 000 531
151 000 675
151 000 413
151 000 988
151 000 960
151 000 867
151 000 688
151 000 639
151 000 695
151 000 965
151 000 765
151 000 636
151 000 525
151 000 542
151 000 517
151 000 632
151 000 799
151 000 548
151 000 746
151 000 349
151 000 333
151 000 153
151 000 086
151 000 050
151 000 519
151 000 037
151 000 295
151 000 725
151 000 726
151 000 064
151 000 275
151 000 644
151 000 287
151 000 149
151 000 353
151 000 933
151 000 045
151 000 481
151 000 472
151 000 573
151 000 890
151 000 657
151 000 686
151 000 299
151 000 737
151 000 710
151 000 248
657 000 417
657 000 104
657 000 224
657 000 093
657 000 226
657 000 511
657 000 907
657 000 614
657 000 822
657 000 416
657 000 791
657 000 069
657 000 531
657 000 675
657 000 413
657 000 988
657 000 960
657 000 867
657 000 688
657 000 639
657 000 695
657 000 965
657 000 765
657 000 636
657 000 525
657 000 542
657 000 517
657 000 632
657 000 799
657 000 548
657 000 746
657 000 349
657 000 333
657 000 153
657 000 086
657 000 050
657 000 519
657 000 037
657 000 295
657 000 725
657 000 726
657 000 064
657 000 275
657 000 644
657 000 287
657 000 149
657 000 353
657 000 933
657 000 045
657 000 481
657 000 472
657 000 573
657 000 890
657 000 657
657 000 686
657 000 299
657 000 737
657 000 710
657 000 248
592 000 417
592 000 104
592 000 224
592 000 093
592 000 226
592 000 511
592 000 907
592 000 614
592 000 822
592 000 416
592 000 791
592 000 069
592 000 531
592 000 675
592 000 413
592 000 988
592 000 960
592 000 867
592 000 688
592 000 639
592 000 695
592 000 965
592 000 765
592 000 636
592 000 525
592 000 542
592 000 517
592 000 632
592 000 799
592 000 548
592 000 746
592 000 349
592 000 333
592 000 153
592 000 086
592 000 050
592 000 519
592 000 037
592 000 295
592 000 725
592 000 726
592 000 064
592 000 275
592 000 644
592 000 287
592 000 149
592 000 353
592 000 933
592 000 045
592 000 481
592 000 472
592 000 573
592 000 890
592 000 657
592 000 686
592 000 299
592 000 737
592 000 710
592 000 248
459 000 417
459 000 104
459 000 224
459 000 093
459 000 226
459 000 511
459 000 907
459 000 614
459 000 822
459 000 416
459 000 791
459 000 069
459 000 531
459 000 675
459 000 413
459 000 988
459 000 960
459 000 867
459 000 688
459 000 639
459 000 695
459 000 965
459 000 765
459 000 636
459 000 525
459 000 542
459 000 517
459 000 632
459 000 799
459 000 548
459 000 746
459 000 349
459 000 333
459 000 153
459 000 086
459 000 050
459 000 519
459 000 037
459 000 295
459 000 725
459 000 726
459 000 064
459 000 275
459 000 644
459 000 287
459 000 149
459 000 353
459 000 933
459 000 045
459 000 481
459 000 472
459 000 573
459 000 890
459 000 657
459 000 686
459 000 299
459 000 737
459 000 710
459 000 248
344 000 417
344 000 104
344 000 224
344 000 093
344 000 226
344 000 511
344 000 907
344 000 614
344 000 822
344 000 416
344 000 791
344 000 069
344 000 531
344 000 675
344 000 413
344 000 988
344 000 960
344 000 867
344 000 688
344 000 639
344 000 695
344 000 965
344 000 765
344 000 636
344 000 525
344 000 542
344 000 517
344 000 632
344 000 799
344 000 548
344 000 746
344 000 349
344 000 333
344 000 153
344 000 086
344 000 050
344 000 519
344 000 037
344 000 295
344 000 725
344 000 726
344 000 064
344 000 275
344 000 644
344 000 287
344 000 149
344 000 353
344 000 933
344 000 045
344 000 481
344 000 472
344 000 573
344 000 890
344 000 657
344 000 686
344 000 299
344 000 737
344 000 710
344 000 248
402 000 417
402 000 104
402 000 224
402 000 093
402 000 226
402 000 511
402 000 907
402 000 614
402 000 822
402 000 416
402 000 791
402 000 069
402 000 531
402 000 675
402 000 413
402 000 988
402 000 960
402 000 867
402 000 688
402 000 639
402 000 695
402 000 965
402 000 765
402 000 636
402 000 525
402 000 542
402 000 517
402 000 632
402 000 799
402 000 548
402 000 746
402 000 349
402 000 333
402 000 153
402 000 086
402 000 050
402 000 519
402 000 037
402 000 295
402 000 725
402 000 726
402 000 064
402 000 275
402 000 644
402 000 287
402 000 149
402 000 353
402 000 933
402 000 045
402 000 481
402 000 472
402 000 573
402 000 890
402 000 657
402 000 686
402 000 299
402 000 737
402 000 710
402 000 248
262 000 417
262 000 104
262 000 224
262 000 093
262 000 226
262 000 511
262 000 907
262 000 614
262 000 822
262 000 416
262 000 791
262 000 069
262 000 531
262 000 675
262 000 413
262 000 988
262 000 960
262 000 867
262 000 688
262 000 639
262 000 695
262 000 965
262 000 765
262 000 636
262 000 525
262 000 542
262 000 517
262 000 632
262 000 799
262 000 548
262 000 746
262 000 349
262 000 333
262 000 153
262 000 086
262 000 050
262 000 519
262 000 037
262 000 295
262 000 725
262 000 726
262 000 064
262 000 275
262 000 644
262 000 287
262 000 149
262 000 353
262 000 933
262 000 045
262 000 481
262 000 472
262 000 573
262 000 890
262 000 657
262 000 686
262 000 299
262 000 737
262 000 710
262 000 248
476 000 417
476 000 104
476 000 224
476 000 093
476 000 226
476 000 511
476 000 907
476 000 614
476 000 822
476 000 416
476 000 791
476 000 069
476 000 531
476 000 675
476 000 413
476 000 988
476 000 960
476 000 867
476 000 688
476 000 639
476 000 695
476 000 965
476 000 765
476 000 636
476 000 525
476 000 542
476 000 517
476 000 632
476 000 799
476 000 548
476 000 746
476 000 349
476 000 333
476 000 153
476 000 086
476 000 050
476 000 519
476 000 037
476 000 295
476 000 725
476 000 726
476 000 064
476 000 275
476 000 644
476 000 287
476 000 149
476 000 353
476 000 933
476 000 045
476 000 481
476 000 472
476 000 573
476 000 890
476 000 657
476 000 686
476 000 299
476 000 737
476 000 710
476 000 248
258 000 417
258 000 104
258 000 224
258 000 093
258 000 226
258 000 511
258 000 907
258 000 614
258 000 822
258 000 416
258 000 791
258 000 069
258 000 531
258 000 675
258 000 413
258 000 988
258 000 960
258 000 867
258 000 688
258 000 639
258 000 695
258 000 965
258 000 765
258 000 636
258 000 525
258 000 542
258 000 517
258 000 632
258 000 799
258 000 548
258 000 746
258 000 349
258 000 333
258 000 153
258 000 086
258 000 050
258 000 519
258 000 037
258 000 295
258 000 725
258 000 726
258 000 064
258 000 275
258 000 644
258 000 287
258 000 149
258 000 353
258 000 933
258 000 045
258 000 481
258 000 472
258 000 573
258 000 890
258 000 657
258 000 686
258 000 299
258 000 737
258 000 710
258 000 248
145 000 417
145 000 104
145 000 224
145 000 093
145 000 226
145 000 511
145 000 907
145 000 614
145 000 822
145 000 416
145 000 791
145 000 069
145 000 531
145 000 675
145 000 413
145 000 988
145 000 960
145 000 867
145 000 688
145 000 639
145 000 695
145 000 965
145 000 765
145 000 636
145 000 525
145 000 542
145 000 517
145 000 632
145 000 799
145 000 548
145 000 746
145 000 349
145 000 333
145 000 153
145 000 086
145 000 050
145 000 519
145 000 037
145 000 295
145 000 725
145 000 726
145 000 064
145 000 275
145 000 644
145 000 287
145 000 149
145 000 353
145 000 933
145 000 045
145 000 481
145 000 472
145 000 573
145 000 890
145 000 657
145 000 686
145 000 299
145 000 737
145 000 710
145 000 248
889 000 417
889 000 104
889 000 224
889 000 093
889 000 226
889 000 511
889 000 907
889 000 614
889 000 822
889 000 416
889 000 791
889 000 069
889 000 531
889 000 675
889 000 413
889 000 988
889 000 960
889 000 867
889 000 688
889 000 639
889 000 695
889 000 965
889 000 765
889 000 636
889 000 525
889 000 542
889 000 517
889 000 632
889 000 799
889 000 548
889 000 746
889 000 349
889 000 333
889 000 153
889 000 086
889 000 050
889 000 519
889 000 037
889 000 295
889 000 725
889 000 726
889 000 064
889 000 275
889 000 644
889 000 287
889 000 149
889 000 353
889 000 933
889 000 045
889 000 481
889 000 472
889 000 573
889 000 890
889 000 657
889 000 686
889 000 299
889 000 737
889 000 710
889 000 248
928 000 417
928 000 104
928 000 224
928 000 093
928 000 226
928 000 511
928 000 907
928 000 614
928 000 822
928 000 416
928 000 791
928 000 069
928 000 531
928 000 675
928 000 413
928 000 988
928 000 960
928 000 867
928 000 688
928 000 639
928 000 695
928 000 965
928 000 765
928 000 636
928 000 525
928 000 542
928 000 517
928 000 632
928 000 799
928 000 548
928 000 746
928 000 349
928 000 333
928 000 153
928 000 086
928 000 050
928 000 519
928 000 037
928 000 295
928 000 725
928 000 726
928 000 064
928 000 275
928 000 644
928 000 287
928 000 149
928 000 353
928 000 933
928 000 045
928 000 481
928 000 472
928 000 573
928 000 890
928 000 657
928 000 686
928 000 299
928 000 737
928 000 710
928 000 248
533 000 417
533 000 104
533 000 224
533 000 093
533 000 226
533 000 511
533 000 907
533 000 614
533 000 822
533 000 416
533 000 791
533 000 069
533 000 531
533 000 675
533 000 413
533 000 988
533 000 960
533 000 867
533 000 688
533 000 639
533 000 695
533 000 965
533 000 765
533 000 636
533 000 525
533 000 542
533 000 517
533 000 632
533 000 799
533 000 548
533 000 746
533 000 349
533 000 333
533 000 153
533 000 086
533 000 050
533 000 519
533 000 037
533 000 295
533 000 725
533 000 726
533 000 064
533 000 275
533 000 644
533 000 287
533 000 149
533 000 353
533 000 933
533 000 045
533 000 481
533 000 472
533 000 573
533 000 890
533 000 657
533 000 686
533 000 299
533 000 737
533 000 710
533 000 248
779 000 417
779 000 104
779 000 224
779 000 093
779 000 226
779 000 511
779 000 907
779 000 614
779 000 822
779 000 416
779 000 791
779 000 069
779 000 531
779 000 675
779 000 413
779 000 988
779 000 960
779 000 867
779 000 688
779 000 639
779 000 695
779 000 965
779 000 765
779 000 636
779 000 525
779 000 542
779 000 517
779 000 632
779 000 799
779 000 548
779 000 746
779 000 349
779 000 333
779 000 153
779 000 086
779 000 050
779 000 519
779 000 037
779 000 295
779 000 725
779 000 726
779 000 064
779 000 275
779 000 644
779 000 287
779 000 149
779 000 353
779 000 933
779 000 045
779 000 481
779 000 472
779 000 573
779 000 890
779 000 657
779 000 686
779 000 299
779 000 737
779 000 710
779 000 248
899 000 417
899 000 104
899 000 224
899 000 093
899 000 226
899 000 511
899 000 907
899 000 614
899 000 822
899 000 416
899 000 791
899 000 069
899 000 531
899 000 675
899 000 413
899 000 988
899 000 960
899 000 867
899 000 688
899 000 639
899 000 695
899 000 965
899 000 765
899 000 636
899 000 525
899 000 542
899 000 517
899 000 632
899 000 799
899 000 548
899 000 746
899 000 349
899 000 333
899 000 153
899 000 086
899 000 050
899 000 519
899 000 037
899 000 295
899 000 725
899 000 726
899 000 064
899 000 275
899 000 644
899 000 287
899 000 149
899 000 353
899 000 933
899 000 045
899 000 481
899 000 472
899 000 573
899 000 890
899 000 657
899 000 686
899 000 299
899 000 737
899 000 710
899 000 248
164 000 417
164 000 104
164 000 224
164 000 093
164 000 226
164 000 511
164 000 907
164 000 614
164 000 822
164 000 416
164 000 791
164 000 069
164 000 531
164 000 675
164 000 413
164 000 988
164 000 960
164 000 867
164 000 688
164 000 639
164 000 695
164 000 965
164 000 765
164 000 636
164 000 525
164 000 542
164 000 517
164 000 632
164 000 799
164 000 548
164 000 746
164 000 349
164 000 333
164 000 153
164 000 086
164 000 050
164 000 519
164 000 037
164 000 295
164 000 725
164 000 726
164 000 064
164 000 275
164 000 644
164 000 287
164 000 149
164 000 353
164 000 933
164 000 045
164 000 481
164 000 472
164 000 573
164 000 890
164 000 657
164 000 686
164 000 299
164 000 737
164 000 710
164 000 248
962 000 417
962 000 104
962 000 224
962 000 093
962 000 226
962 000 511
962 000 907
962 000 614
962 000 822
962 000 416
962 000 791
962 000 069
962 000 531
962 000 675
962 000 413
962 000 988
962 000 960
962 000 867
962 000 688
962 000 639
962 000 695
962 000 965
962 000 765
962 000 636
962 000 525
962 000 542
962 000 517
962 000 632
962 000 799
962 000 548
962 000 746
962 000 349
962 000 333
962 000 153
962 000 086
962 000 050
962 000 519
962 000 037
962 000 295
962 000 725
962 000 726
962 000 064
962 000 275
962 000 644
962 000 287
962 000 149
962 000 353
962 000 933
962 000 045
962 000 481
962 000 472
962 000 573
962 000 890
962 000 657
962 000 686
962 000 299
962 000 737
962 000 710
962 000 248
186 000 417
186 000 104
186 000 224
186 000 093
186 000 226
186 000 511
186 000 907
186 000 614
186 000 822
186 000 416
186 000 791
186 000 069
186 000 531
186 000 675
186 000 413
186 000 988
186 000 960
186 000 867
186 000 688
186 000 639
186 000 695
186 000 965
186 000 765
186 000 636
186 000 525
186 000 542
186 000 517
186 000 632
186 000 799
186 000 548
186 000 746
186 000 349
186 000 333
186 000 153
186 000 086
186 000 050
186 000 519
186 000 037
186 000 295
186 000 725
186 000 726
186 000 064
186 000 275
186 000 644
186 000 287
186 000 149
186 000 353
186 000 933
186 000 045
186 000 481
186 000 472
186 000 573
186 000 890
186 000 657
186 000 686
186 000 299
186 000 737
186 000 710
186 000 248
906 000 417
906 000 104
906 000 224
906 000 093
906 000 226
906 000 511
906 000 907
906 000 614
906 000 822
906 000 416
906 000 791
906 000 069
906 000 531
906 000 675
906 000 413
906 000 988
906 000 960
906 000 867
906 000 688
906 000 639
906 000 695
906 000 965
906 000 765
906 000 636
906 000 525
906 000 542
906 000 517
906 000 632
906 000 799
906 000 548
906 000 746
906 000 349
906 000 333
906 000 153
906 000 086
906 000 050
906 000 519
906 000 037
906 000 295
906 000 725
906 000 726
906 000 064
906 000 275
906 000 644
906 000 287
906 000 149
906 000 353
906 000 933
906 000 045
906 000 481
906 000 472
906 000 573
906 000 890
906 000 657
906 000 686
906 000 299
906 000 737
906 000 710
906 000 248
307 000 417
307 000 104
307 000 224
307 000 093
307 000 226
307 000 511
307 000 907
307 000 614
307 000 822
307 000 416
307 000 791
307 000 069
307 000 531
307 000 675
307 000 413
307 000 988
307 000 960
307 000 867
307 000 688
307 000 639
307 000 695
307 000 965
307 000 765
307 000 636
307 000 525
307 000 542
307 000 517
307 000 632
307 000 799
307 000 548
307 000 746
307 000 349
307 000 333
307 000 153
307 000 086
307 000 050
307 000 519
307 000 037
307 000 295
307 000 725
307 000 726
307 000 064
307 000 275
307 000 644
307 000 287
307 000 149
307 000 353
307 000 933
307 000 045
307 000 481
307 000 472
307 000 573
307 000 890
307 000 657
307 000 686
307 000 299
307 000 737
307 000 710
307 000 248
026 000 417
026 000 104
026 000 224
026 000 093
026 000 226
026 000 511
026 000 907
026 000 614
026 000 822
026 000 416
026 000 791
026 000 069
026 000 531
026 000 675
026 000 413
026 000 988
026 000 960
026 000 867
026 000 688
026 000 639
026 000 695
026 000 965
026 000 765
026 000 636
026 000 525
026 000 542
026 000 517
026 000 632
026 000 799
026 000 548
026 000 746
026 000 349
026 000 333
026 000 153
026 000 086
026 000 050
026 000 519
026 000 037
026 000 295
026 000 725
026 000 726
026 000 064
026 000 275
026 000 644
026 000 287
026 000 149
026 000 353
026 000 933
026 000 045
026 000 481
026 000 472
026 000 573
026 000 890
026 000 657
026 000 686
026 000 299
026 000 737
026 000 710
026 000 248
178 000 417
178 000 104
178 000 224
178 000 093
178 000 226
178 000 511
178 000 907
178 000 614
178 000 822
178 000 416
178 000 791
178 000 069
178 000 531
178 000 675
178 000 413
178 000 988
178 000 960
178 000 867
178 000 688
178 000 639
178 000 695
178 000 965
178 000 765
178 000 636
178 000 525
178 000 542
178 000 517
178 000 632
178 000 799
178 000 548
178 000 746
178 000 349
178 000 333
178 000 153
178 000 086
178 000 050
178 000 519
178 000 037
178 000 295
178 000 725
178 000 726
178 000 064
178 000 275
178 000 644
178 000 287
178 000 149
178 000 353
178 000 933
178 000 045
178 000 481
178 000 472
178 000 573
178 000 890
178 000 657
178 000 686
178 000 299
178 000 737
178 000 710
178 000 248
982 000 417
982 000 104
982 000 224
982 000 093
982 000 226
982 000 511
982 000 907
982 000 614
982 000 822
982 000 416
982 000 791
982 000 069
982 000 531
982 000 675
982 000 413
982 000 988
982 000 960
982 000 867
982 000 688
982 000 639
982 000 695
982 000 965
982 000 765
982 000 636
982 000 525
982 000 542
982 000 517
982 000 632
982 000 799
982 000 548
982 000 746
982 000 349
982 000 333
982 000 153
982 000 086
982 000 050
982 000 519
982 000 037
982 000 295
982 000 725
982 000 726
982 000 064
982 000 275
982 000 644
982 000 287
982 000 149
982 000 353
982 000 933
982 000 045
982 000 481
982 000 472
982 000 573
982 000 890
982 000 657
982 000 686
982 000 299
982 000 737
982 000 710
982 000 248
270 000 417
270 000 104
270 000 224
270 000 093
270 000 226
270 000 511
270 000 907
270 000 614
270 000 822
270 000 416
270 000 791
270 000 069
270 000 531
270 000 675
270 000 413
270 000 988
270 000 960
270 000 867
270 000 688
270 000 639
270 000 695
270 000 965
270 000 765
270 000 636
270 000 525
270 000 542
270 000 517
270 000 632
270 000 799
270 000 548
270 000 746
270 000 349
270 000 333
270 000 153
270 000 086
270 000 050
270 000 519
270 000 037
270 000 295
270 000 725
270 000 726
270 000 064
270 000 275
270 000 644
270 000 287
270 000 149
270 000 353
270 000 933
270 000 045
270 000 481
270 000 472
270 000 573
270 000 890
270 000 657
270 000 686
270 000 299
270 000 737
270 000 710
270 000 248
000 000 417
000 000 104
000 000 224
000 000 093
000 000 226
000 000 511
000 000 907
000 000 614
000 000 822
000 000 416
000 000 791
000 000 069
000 000 531
000 000 675
000 000 413
000 000 988
000 000 960
000 000 867
000 000 688
000 000 639
000 000 695
000 000 965
000 000 765
000 000 636
000 000 525
000 000 542
000 000 517
000 000 632
000 000 799
000 000 548
000 000 746
000 000 349
000 000 333
000 000 153
000 000 086
000 000 050
000 000 519
000 000 037
000 000 295
000 000 725
000 000 726
000 000 064
000 000 275
000 000 644
000 000 287
000 000 149
000 000 353
000 000 933
000 000 045
000 000 481
000 000 472
000 000 573
000 000 890
000 000 657
000 000 686
000 000 299
000 000 737
000 000 710
000 000 248
337 000 417
337 000 104
337 000 224
337 000 093
337 000 226
337 000 511
337 000 907
337 000 614
337 000 822
337 000 416
337 000 791
337 000 069
337 000 531
337 000 675
337 000 413
337 000 988
337 000 960
337 000 867
337 000 688
337 000 639
337 000 695
337 000 965
337 000 765
337 000 636
337 000 525
337 000 542
337 000 517
337 000 632
337 000 799
337 000 548
337 000 746
337 000 349
337 000 333
337 000 153
337 000 086
337 000 050
337 000 519
337 000 037
337 000 295
337 000 725
337 000 726
337 000 064
337 000 275
337 000 644
337 000 287
337 000 149
337 000 353
337 000 933
337 000 045
337 000 481
337 000 472
337 000 573
337 000 890
337 000 657
337 000 686
337 000 299
337 000 737
337 000 710
337 000 248
238 000 417
238 000 104
238 000 224
238 000 093
238 000 226
238 000 511
238 000 907
238 000 614
238 000 822
238 000 416
238 000 791
238 000 069
238 000 531
238 000 675
238 000 413
238 000 988
238 000 960
238 000 867
238 000 688
238 000 639
238 000 695
238 000 965
238 000 765
238 000 636
238 000 525
238 000 542
238 000 517
238 000 632
238 000 799
238 000 548
238 000 746
238 000 349
238 000 333
238 000 153
238 000 086
238 000 050
238 000 519
238 000 037
238 000 295
238 000 725
238 000 726
238 000 064
238 000 275
238 000 644
238 000 287
238 000 149
238 000 353
238 000 933
238 000 045
238 000 481
238 000 472
238 000 573
238 000 890
238 000 657
238 000 686
238 000 299
238 000 737
238 000 710
238 000 248
249 000 417
249 000 104
249 000 224
249 000 093
249 000 226
249 000 511
249 000 907
249 000 614
249 000 822
249 000 416
249 000 791
249 000 069
249 000 531
249 000 675
249 000 413
249 000 988
249 000 960
249 000 867
249 000 688
249 000 639
249 000 695
249 000 965
249 000 765
249 000 636
249 000 525
249 000 542
249 000 517
249 000 632
249 000 799
249 000 548
249 000 746
249 000 349
249 000 333
249 000 153
249 000 086
249 000 050
249 000 519
249 000 037
249 000 295
249 000 725
249 000 726
249 000 064
249 000 275
249 000 644
249 000 287
249 000 149
249 000 353
249 000 933
249 000 045
249 000 481
249 000 472
249 000 573
249 000 890
249 000 657
249 000 686
249 000 299
249 000 737
249 000 710
249 000 248
211 000 417
211 000 104
211 000 224
211 000 093
211 000 226
211 000 511
211 000 907
211 000 614
211 000 822
211 000 416
211 000 791
211 000 069
211 000 531
211 000 675
211 000 413
211 000 988
211 000 960
211 000 867
211 000 688
211 000 639
211 000 695
211 000 965
211 000 765
211 000 636
211 000 525
211 000 542
211 000 517
211 000 632
211 000 799
211 000 548
211 000 746
211 000 349
211 000 333
211 000 153
211 000 086
211 000 050
211 000 519
211 000 037
211 000 295
211 000 725
211 000 726
211 000 064
211 000 275
211 000 644
211 000 287
211 000 149
211 000 353
211 000 933
211 000 045
211 000 481
211 000 472
211 000 573
211 000 890
211 000 657
211 000 686
211 000 299
211 000 737
211 000 710
211 000 248
583 000 417
583 000 104
583 000 224
583 000 093
583 000 226
583 000 511
583 000 907
583 000 614
583 000 822
583 000 416
583 000 791
583 000 069
583 000 531
583 000 675
583 000 413
583 000 988
583 000 960
583 000 867
583 000 688
583 000 639
583 000 695
583 000 965
583 000 765
583 000 636
583 000 525
583 000 542
583 000 517
583 000 632
583 000 799
583 000 548
583 000 746
583 000 349
583 000 333
583 000 153
583 000 086
583 000 050
583 000 519
583 000 037
583 000 295
583 000 725
583 000 726
583 000 064
583 000 275
583 000 644
583 000 287
583 000 149
583 000 353
583 000 933
583 000 045
583 000 481
583 000 472
583 000 573
583 000 890
583 000 657
583 000 686
583 000 299
583 000 737
583 000 710
583 000 248
423 000 417
423 000 104
423 000 224
423 000 093
423 000 226
423 000 511
423 000 907
423 000 614
423 000 822
423 000 416
423 000 791
423 000 069
423 000 531
423 000 675
423 000 413
423 000 988
423 000 960
423 000 867
423 000 688
423 000 639
423 000 695
423 000 965
423 000 765
423 000 636
423 000 525
423 000 542
423 000 517
423 000 632
423 000 799
423 000 548
423 000 746
423 000 349
423 000 333
423 000 153
423 000 086
423 000 050
423 000 519
423 000 037
423 000 295
423 000 725
423 000 726
423 000 064
423 000 275
423 000 644
423 000 287
423 000 149
423 000 353
423 000 933
423 000 045
423 000 481
423 000 472
423 000 573
423 000 890
423 000 657
423 000 686
423 000 299
423 000 737
423 000 710
423 000 248
567 000 417
567 000 104
567 000 224
567 000 093
567 000 226
567 000 511
567 000 907
567 000 614
567 000 822
567 000 416
567 000 791
567 000 069
567 000 531
567 000 675
567 000 413
567 000 988
567 000 960
567 000 867
567 000 688
567 000 639
567 000 695
567 000 965
567 000 765
567 000 636
567 000 525
567 000 542
567 000 517
567 000 632
567 000 799
567 000 548
567 000 746
567 000 349
567 000 333
567 000 153
567 000 086
567 000 050
567 000 519
567 000 037
567 000 295
567 000 725
567 000 726
567 000 064
567 000 275
567 000 644
567 000 287
567 000 149
567 000 353
567 000 933
567 000 045
567 000 481
567 000 472
567 000 573
567 000 890
567 000 657
567 000 686
567 000 299
567 000 737
567 000 710
567 000 248
076 000 417
076 000 104
076 000 224
076 000 093
076 000 226
076 000 511
076 000 907
076 000 614
076 000 822
076 000 416
076 000 791
076 000 069
076 000 531
076 000 675
076 000 413
076 000 988
076 000 960
076 000 867
076 000 688
076 000 639
076 000 695
076 000 965
076 000 765
076 000 636
076 000 525
076 000 542
076 000 517
076 000 632
076 000 799
076 000 548
076 000 746
076 000 349
076 000 333
076 000 153
076 000 086
076 000 050
076 000 519
076 000 037
076 000 295
076 000 725
076 000 726
076 000 064
076 000 275
076 000 644
076 000 287
076 000 149
076 000 353
076 000 933
076 000 045
076 000 481
076 000 472
076 000 573
076 000 890
076 000 657
076 000 686
076 000 299
076 000 737
076 000 710
076 000 248
063 000 417
063 000 104
063 000 224
063 000 093
063 000 226
063 000 511
063 000 907
063 000 614
063 000 822
063 000 416
063 000 791
063 000 069
063 000 531
063 000 675
063 000 413
063 000 988
063 000 960
063 000 867
063 000 688
063 000 639
063 000 695
063 000 965
063 000 765
063 000 636
063 000 525
063 000 542
063 000 517
063 000 632
063 000 799
063 000 548
063 000 746
063 000 349
063 000 333
063 000 153
063 000 086
063 000 050
063 000 519
063 000 037
063 000 295
063 000 725
063 000 726
063 000 064
063 000 275
063 000 644
063 000 287
063 000 149
063 000 353
063 000 933
063 000 045
063 000 481
063 000 472
063 000 573
063 000 890
063 000 657
063 000 686
063 000 299
063 000 737
063 000 710
063 000 248
